OpenCV(4.6.0) D:\a\opencv-python\opencv-python\opencv\modules\video\src\lkpyramid.cpp:1260: error: (-215:Assertion failed) (npoints = prevPtsMat.checkVector(2, CV_32F, true)) >= 0 in function 'cv::`anonymous-namespace'::SparsePyrLKOpticalFlowImpl::calc'

[[[30 30 30]
  [30 30 30]
  [30 30 30]
  ...
  [30 30 30]
  [30 30 30]
  [ 0  0  0]]

 [[30 30 30]
  [30 30 30]
  [30 30 30]
  ...
  [30 30 30]
  [30 30 30]
  [ 0  0  0]]

 [[30 30 30]
  [30 30 30]
  [30 30 30]
  ...
  [30 30 30]
  [30 30 30]
  [ 0  0  0]]

 ...

 [[30 30 30]
  [30 30 30]
  [30 30 30]
  ...
  [30 30 30]
  [30 30 30]
  [ 0  0  0]]

 [[30 30 30]
  [30 30 30]
  [30 30 30]
  ...
  [30 30 30]
  [30 30 30]
  [ 0  0  0]]

 [[30 30 30]
  [30 30 30]
  [30 30 30]
  ...
  [30 30 30]
  [30 30 30]
  [ 0  0  0]]]
[[[30 30 30]
  [30 30 30]
  [30 30 30]
  ...
  [30 30 30]
  [30 30 30]
  [ 0  0  0]]

 [[30 30 30]
  [30 30 30]
  [30 30 30]
  ...
  [30 30 30]
  [30 30 30]
  [ 0  0  0]]

 [[30 30 30]
  [30 30 30]
  [30 30 30]
  ...
  [30 30 30]
  [30 30 30]
  [ 0  0  0]]

 ...

 [[30 30 30]
  [30 30 30]
  [30 30 30]
  ...
  [30 30 30]
  [30 30 30]
  [ 0  0  0]]

 [[30 30 30]
  [30 30 30]
  [30 30 30]
  ...
  [30 30 30]
  [30 30 30]
  [ 0  0  0]]

 [[30 30 30]
  [30 30 30]
  [30 30 30]
  ...
  [30 30 30]
  [30 30 30]
  [ 0  0  0]]]
[[30 30 30 ... 30 30  0]
 [30 30 30 ... 30 30  0]
 [30 30 30 ... 30 30  0]
 ...
 [30 30 30 ... 30 30  0]
 [30 30 30 ... 30 30  0]
 [30 30 30 ... 30 30  0]]
[[30 30 30 ... 30 30  0]
 [30 30 30 ... 30 30  0]
 [30 30 30 ... 30 30  0]
 ...
 [30 30 30 ... 30 30  0]
 [30 30 30 ... 30 30  0]
 [30 30 30 ... 30 30  0]]
OpenCV(4.6.0) D:\a\opencv-python\opencv-python\opencv\modules\video\src\lkpyramid.cpp:1260: error: (-215:Assertion failed) (npoints = prevPtsMat.checkVector(2, CV_32F, true)) >= 0 in function 'cv::`anonymous-namespace'::SparsePyrLKOpticalFlowImpl::calc'

[[[30 30 30]
  [30 30 30]
  [30 30 30]
  ...
  [30 30 30]
  [30 30 30]
  [ 0  0  0]]

 [[30 30 30]
  [30 30 30]
  [30 30 30]
  ...
  [30 30 30]
  [30 30 30]
  [ 0  0  0]]

 [[30 30 30]
  [30 30 30]
  [30 30 30]
  ...
  [30 30 30]
  [30 30 30]
  [ 0  0  0]]

 ...

 [[30 30 30]
  [30 30 30]
  [30 30 30]
  ...
  [30 30 30]
  [30 30 30]
  [ 0  0  0]]

 [[30 30 30]
  [30 30 30]
  [30 30 30]
  ...
  [30 30 30]
  [30 30 30]
  [ 0  0  0]]

 [[30 30 30]
  [30 30 30]
  [30 30 30]
  ...
  [30 30 30]
  [30 30 30]
  [ 0  0  0]]]
[[[30 30 30]
  [30 30 30]
  [30 30 30]
  ...
  [30 30 30]
  [30 30 30]
  [ 0  0  0]]

 [[30 30 30]
  [30 30 30]
  [30 30 30]
  ...
  [30 30 30]
  [30 30 30]
  [ 0  0  0]]

 [[30 30 30]
  [30 30 30]
  [30 30 30]
  ...
  [30 30 30]
  [30 30 30]
  [ 0  0  0]]

 ...

 [[30 30 30]
  [30 30 30]
  [30 30 30]
  ...
  [30 30 30]
  [30 30 30]
  [ 0  0  0]]

 [[30 30 30]
  [30 30 30]
  [30 30 30]
  ...
  [30 30 30]
  [30 30 30]
  [ 0  0  0]]

 [[30 30 30]
  [30 30 30]
  [30 30 30]
  ...
  [30 30 30]
  [30 30 30]
  [ 0  0  0]]]
[[30 30 30 ... 30 30  0]
 [30 30 30 ... 30 30  0]
 [30 30 30 ... 30 30  0]
 ...
 [30 30 30 ... 30 30  0]
 [30 30 30 ... 30 30  0]
 [30 30 30 ... 30 30  0]]
[[30 30 30 ... 30 30  0]
 [30 30 30 ... 30 30  0]
 [30 30 30 ... 30 30  0]
 ...
 [30 30 30 ... 30 30  0]
 [30 30 30 ... 30 30  0]
 [30 30 30 ... 30 30  0]]
OpenCV(4.6.0) D:\a\opencv-python\opencv-python\opencv\modules\video\src\lkpyramid.cpp:1260: error: (-215:Assertion failed) (npoints = prevPtsMat.checkVector(2, CV_32F, true)) >= 0 in function 'cv::`anonymous-namespace'::SparsePyrLKOpticalFlowImpl::calc'

[[[30 30 30]
  [30 30 30]
  [30 30 30]
  ...
  [30 30 30]
  [30 30 30]
  [ 0  0  0]]

 [[30 30 30]
  [30 30 30]
  [30 30 30]
  ...
  [30 30 30]
  [30 30 30]
  [ 0  0  0]]

 [[30 30 30]
  [30 30 30]
  [30 30 30]
  ...
  [30 30 30]
  [30 30 30]
  [ 0  0  0]]

 ...

 [[30 30 30]
  [30 30 30]
  [30 30 30]
  ...
  [30 30 30]
  [30 30 30]
  [ 0  0  0]]

 [[30 30 30]
  [30 30 30]
  [30 30 30]
  ...
  [30 30 30]
  [30 30 30]
  [ 0  0  0]]

 [[30 30 30]
  [30 30 30]
  [30 30 30]
  ...
  [30 30 30]
  [30 30 30]
  [ 0  0  0]]]
[[[0 0 0]
  [0 0 0]
  [0 0 0]
  ...
  [0 0 0]
  [0 0 0]
  [0 0 1]]

 [[0 0 0]
  [0 0 0]
  [0 0 0]
  ...
  [0 0 0]
  [0 0 0]
  [0 0 1]]

 [[0 0 0]
  [0 0 0]
  [0 0 0]
  ...
  [0 0 0]
  [0 0 0]
  [0 0 1]]

 ...

 [[0 0 0]
  [0 0 0]
  [0 0 0]
  ...
  [0 0 0]
  [0 0 0]
  [0 0 1]]

 [[0 0 0]
  [0 0 0]
  [0 0 0]
  ...
  [0 0 0]
  [0 0 0]
  [0 0 1]]

 [[0 0 0]
  [0 0 0]
  [0 0 0]
  ...
  [0 0 0]
  [0 0 0]
  [0 0 1]]]
[[30 30 30 ... 30 30  0]
 [30 30 30 ... 30 30  0]
 [30 30 30 ... 30 30  0]
 ...
 [30 30 30 ... 30 30  0]
 [30 30 30 ... 30 30  0]
 [30 30 30 ... 30 30  0]]
[[0 0 0 ... 0 0 0]
 [0 0 0 ... 0 0 0]
 [0 0 0 ... 0 0 0]
 ...
 [0 0 0 ... 0 0 0]
 [0 0 0 ... 0 0 0]
 [0 0 0 ... 0 0 0]]
