[[[0 0 0]
  [0 0 0]
  [0 0 0]
  ...
  [0 0 0]
  [0 0 0]
  [0 0 0]]

 [[0 0 0]
  [0 0 0]
  [0 0 0]
  ...
  [0 0 0]
  [0 0 0]
  [0 0 0]]

 [[0 0 0]
  [0 0 0]
  [0 0 0]
  ...
  [0 0 0]
  [0 1 0]
  [0 1 0]]

 ...

 [[0 0 0]
  [0 0 0]
  [0 0 0]
  ...
  [3 4 0]
  [5 6 1]
  [5 6 1]]

 [[0 0 0]
  [0 0 0]
  [0 0 0]
  ...
  [3 4 0]
  [6 6 2]
  [6 7 2]]

 [[0 0 0]
  [0 0 0]
  [0 0 0]
  ...
  [3 4 0]
  [5 6 1]
  [6 7 2]]]
[[[1 0 0]
  [2 1 0]
  [1 0 0]
  ...
  [0 4 0]
  [0 4 0]
  [0 4 0]]

 [[0 1 0]
  [1 2 0]
  [0 1 0]
  ...
  [0 4 0]
  [0 2 0]
  [0 2 0]]

 [[0 2 0]
  [0 2 0]
  [0 2 0]
  ...
  [0 4 0]
  [0 2 0]
  [0 1 0]]

 ...

 [[0 0 0]
  [0 0 0]
  [0 0 0]
  ...
  [3 2 7]
  [1 1 6]
  [1 0 5]]

 [[0 0 0]
  [0 0 0]
  [0 0 0]
  ...
  [4 3 8]
  [2 1 6]
  [1 0 5]]

 [[0 0 0]
  [0 0 0]
  [0 0 0]
  ...
  [4 3 8]
  [1 1 6]
  [1 0 5]]]
[[  1.   0.   0. ...   0.   0.   2.]
 [ 65.   9.   0. ...   1.   3.   3.]
 [ 63.  18.   0. ...   1. 103.  26.]
 ...
 [ 14.   0.   0. ...   0.   0.   5.]
 [ 30.   0.   0. ...   1.  14.  33.]
 [  0.   0.   0. ...   4.   3.   1.]]
[[  0.   0.   0.   0.   0.   0.   0.   0.   0.   0.   0.   0.   0.   0.
    0.   0.   0.   0.   0.   0.   0.   0.   0.   0.   0.   0.   0.   0.
    0.   0.   0.   0.  26.   0.   0.   0.   0.   0.   0.   0. 222.   1.
    0.   0.   0.   0.   0.  19. 115.   0.   0.   0.   0.   0.  24.  31.
    0.   0.   0.   0.   0.   0.  40.   1.  44.   1.   0.   0.   0.   0.
    0.   0. 222.  13.   0.   0.   0.   0.   0.   6. 222.   4.   0.   0.
    0.   0.   7.  11.   0.   0.   0.   0.   0.   0.  13.   1.  32.   1.
    0.   0.   0.   0.   0.   0. 222.  12.   0.   0.   0.   0.   0.   0.
  208.   5.   0.   0.   0.   0.   0.   0.   1.   0.   0.   0.   0.   0.
    1.   1.]]
not enough values to unpack (expected 2, got 1)
[[[ 58  36  40]
  [ 71  47  52]
  [ 71  44  51]
  ...
  [213 210 211]
  [216 213 214]
  [217 214 215]]

 [[ 80  55  61]
  [ 93  67  74]
  [ 94  65  73]
  ...
  [221 218 219]
  [223 220 221]
  [223 221 222]]

 [[ 97  70  77]
  [111  82  90]
  [112  81  89]
  ...
  [220 218 219]
  [221 219 220]
  [222 219 220]]

 ...

 [[176 150 145]
  [205 179 174]
  [190 163 158]
  ...
  [ 57  39  29]
  [ 57  39  29]
  [ 57  39  29]]

 [[179 152 148]
  [208 181 177]
  [192 165 161]
  ...
  [ 57  39  29]
  [ 57  39  29]
  [ 57  39  29]]

 [[179 152 147]
  [207 181 176]
  [191 165 160]
  ...
  [ 57  39  29]
  [ 57  39  29]
  [ 57  39  29]]]
[[[195 179 175]
  [223 208 202]
  [212 198 192]
  ...
  [234 230 226]
  [246 242 239]
  [249 245 242]]

 [[242 228 223]
  [255 255 255]
  [255 254 247]
  ...
  [244 240 237]
  [255 253 249]
  [255 255 253]]

 [[227 214 209]
  [255 249 243]
  [255 245 238]
  ...
  [245 241 237]
  [255 253 249]
  [255 255 253]]

 ...

 [[235 232 220]
  [255 255 255]
  [253 251 238]
  ...
  [254 252 237]
  [255 255 249]
  [255 255 252]]

 [[240 238 225]
  [255 255 255]
  [255 255 243]
  ...
  [255 255 243]
  [255 255 255]
  [255 255 255]]

 [[239 237 224]
  [255 255 255]
  [255 255 242]
  ...
  [255 255 242]
  [255 255 254]
  [255 255 255]]]
[[117.  29.   0. ...   8.  12.   0.]
 [ 41.   0.   0. ...  15.   0.   0.]
 [ 19.   0.   0. ...   8.   0.   0.]
 ...
 [  0.  11.  63. ...  97. 126.  10.]
 [  0.  46. 136. ...   7.  41.   9.]
 [  0.   0.   0. ...   0.   1.   7.]]
[[  0.   0.   0.   0.   0.   0.   0.   0. 140.  15.   1.   3.   1.   1.
    0.  27.  95.  12.  31.  91.  28.  13.   2.  18.   2.   8.  73.  38.
    5.   5.   2.   3.   1.   0.   0.   0.   0.   0.   0.   0. 140.  22.
    2.   2.   3.  10.   8.  92.  92.  12.  12.  39.  74. 140.  36.  52.
    4.   7.  13.   9.  12.  60.  59.  26.   5.   2.   0.   0.   0.   0.
    0.   0. 140. 140.  33.   9.   1.   1.   1.  16.  72.  71. 138. 107.
   28.  24.   6.  13.  33.  32.  23.  12.   6.  26.  18.  27.  12.   1.
    0.   0.   0.   0.   0.   4. 140.  24.   7.   3.   1.  11.  13.  88.
   71.  14.  30.  13.   1.  37.  35.  61.  63.   7.   5.   6.   8.   5.
   11.  75.]]
not enough values to unpack (expected 2, got 1)
[[[ 58  36  40]
  [ 71  47  52]
  [ 71  44  51]
  ...
  [213 210 211]
  [216 213 214]
  [217 214 215]]

 [[ 80  55  61]
  [ 93  67  74]
  [ 94  65  73]
  ...
  [221 218 219]
  [223 220 221]
  [223 221 222]]

 [[ 97  70  77]
  [111  82  90]
  [112  81  89]
  ...
  [220 218 219]
  [221 219 220]
  [222 219 220]]

 ...

 [[176 150 145]
  [205 179 174]
  [190 163 158]
  ...
  [ 57  39  29]
  [ 57  39  29]
  [ 57  39  29]]

 [[179 152 148]
  [208 181 177]
  [192 165 161]
  ...
  [ 57  39  29]
  [ 57  39  29]
  [ 57  39  29]]

 [[179 152 147]
  [207 181 176]
  [191 165 160]
  ...
  [ 57  39  29]
  [ 57  39  29]
  [ 57  39  29]]]
[[[195 179 175]
  [223 208 202]
  [212 198 192]
  ...
  [234 230 226]
  [246 242 239]
  [249 245 242]]

 [[242 228 223]
  [255 255 255]
  [255 254 247]
  ...
  [244 240 237]
  [255 253 249]
  [255 255 253]]

 [[227 214 209]
  [255 249 243]
  [255 245 238]
  ...
  [245 241 237]
  [255 253 249]
  [255 255 253]]

 ...

 [[235 232 220]
  [255 255 255]
  [253 251 238]
  ...
  [254 252 237]
  [255 255 249]
  [255 255 252]]

 [[240 238 225]
  [255 255 255]
  [255 255 243]
  ...
  [255 255 243]
  [255 255 255]
  [255 255 255]]

 [[239 237 224]
  [255 255 255]
  [255 255 242]
  ...
  [255 255 242]
  [255 255 254]
  [255 255 255]]]
[[117.  29.   0. ...   8.  12.   0.]
 [ 41.   0.   0. ...  15.   0.   0.]
 [ 19.   0.   0. ...   8.   0.   0.]
 ...
 [  0.  11.  63. ...  97. 126.  10.]
 [  0.  46. 136. ...   7.  41.   9.]
 [  0.   0.   0. ...   0.   1.   7.]]
[[  0.   0.   0.   0.   0.   0.   0.   0. 140.  15.   1.   3.   1.   1.
    0.  27.  95.  12.  31.  91.  28.  13.   2.  18.   2.   8.  73.  38.
    5.   5.   2.   3.   1.   0.   0.   0.   0.   0.   0.   0. 140.  22.
    2.   2.   3.  10.   8.  92.  92.  12.  12.  39.  74. 140.  36.  52.
    4.   7.  13.   9.  12.  60.  59.  26.   5.   2.   0.   0.   0.   0.
    0.   0. 140. 140.  33.   9.   1.   1.   1.  16.  72.  71. 138. 107.
   28.  24.   6.  13.  33.  32.  23.  12.   6.  26.  18.  27.  12.   1.
    0.   0.   0.   0.   0.   4. 140.  24.   7.   3.   1.  11.  13.  88.
   71.  14.  30.  13.   1.  37.  35.  61.  63.   7.   5.   6.   8.   5.
   11.  75.]]
not enough values to unpack (expected 2, got 1)
[[[0 0 0]
  [0 0 0]
  [0 0 0]
  ...
  [0 0 0]
  [0 0 0]
  [0 0 0]]

 [[0 0 0]
  [0 0 0]
  [0 0 0]
  ...
  [0 0 0]
  [0 0 0]
  [0 0 0]]

 [[1 1 1]
  [1 1 1]
  [1 1 1]
  ...
  [3 3 3]
  [3 3 3]
  [3 3 3]]

 ...

 [[0 0 0]
  [0 0 0]
  [0 0 0]
  ...
  [0 0 0]
  [0 0 0]
  [0 0 0]]

 [[0 0 0]
  [0 0 0]
  [0 0 0]
  ...
  [0 0 0]
  [0 0 0]
  [0 0 0]]

 [[0 0 0]
  [0 0 0]
  [0 0 0]
  ...
  [0 0 0]
  [0 0 0]
  [0 0 0]]]
[[[0 0 0]
  [0 0 0]
  [0 0 0]
  ...
  [0 0 0]
  [0 0 0]
  [0 0 0]]

 [[0 0 0]
  [0 0 0]
  [0 0 0]
  ...
  [0 0 0]
  [0 0 0]
  [0 0 0]]

 [[2 0 2]
  [2 0 2]
  [2 0 2]
  ...
  [5 2 6]
  [5 2 6]
  [5 2 6]]

 ...

 [[0 0 0]
  [0 0 0]
  [0 0 0]
  ...
  [0 0 0]
  [0 0 0]
  [0 0 0]]

 [[0 0 0]
  [0 0 0]
  [0 0 0]
  ...
  [0 0 0]
  [0 0 0]
  [0 0 0]]

 [[0 0 0]
  [0 0 0]
  [0 0 0]
  ...
  [0 0 0]
  [0 0 0]
  [0 0 0]]]
[[ 62.   2.   0. ...   0.   0.   0.]
 [ 51.   2.   0. ...   1.   0.   0.]
 [ 27.   0.   0. ...   3.   0.   0.]
 ...
 [  7.   3.   0. ...   6.  29.  35.]
 [132. 130.   1. ...   0.   0.   1.]
 [  1.  67.  90. ...  27.  27.  11.]]
[[ 21.   4.   0.   0.   0.   0.   0.   0. 154.  10.   0.   0.   0.   0.
    0.  16. 168.  10.   0.   1.  40.   5.   0.  47.   6.   1.   0.   1.
   40.   4.   0.   2.  19.   7.   0.   0.   0.   0.   0.   0. 168.  39.
    0.   0.   0.   0.   0.   3. 168.  64.   0.   4.  50.   1.   0.   9.
    9.   3.   0.   3.  57.   1.   0.   1.  14.   5.   0.   0.   0.   0.
    0.   0. 168.  13.   0.   0.   0.   0.   0.  26. 168.   6.   0.   0.
   47.   9.   1.  77.  10.   0.   0.   0.  62.  10.   1.   4.   9.   2.
    0.   0.   0.   0.   0.   0. 168.  25.   0.   0.   0.   0.   0.   8.
  168.  38.   0.   0.  46.   9.   0.  24.   8.   1.   0.   0.  65.   9.
    0.   1.]]
not enough values to unpack (expected 2, got 1)
[[[ 15  15  16]
  [ 15  15  16]
  [ 15  15  16]
  ...
  [ 15  15  16]
  [ 15  15  16]
  [ 15  15  16]]

 [[ 15  15  16]
  [ 15  15  16]
  [ 15  15  16]
  ...
  [ 15  15  16]
  [ 15  15  16]
  [ 15  15  16]]

 [[  5  12  10]
  [ 16  23  21]
  [ 15  22  20]
  ...
  [128 136 131]
  [132 140 134]
  [120 127 121]]

 ...

 [[ 15  15  16]
  [ 15  15  16]
  [ 15  15  16]
  ...
  [ 15  15  16]
  [ 15  15  16]
  [ 15  15  16]]

 [[ 15  15  16]
  [ 15  15  16]
  [ 15  15  16]
  ...
  [ 15  15  16]
  [ 15  15  16]
  [ 15  15  16]]

 [[ 15  15  16]
  [ 15  15  16]
  [ 15  15  16]
  ...
  [ 15  15  16]
  [ 15  15  16]
  [ 15  15  16]]]
[[[ 15  15  16]
  [ 15  15  16]
  [ 15  15  16]
  ...
  [ 15  15  16]
  [ 15  15  16]
  [ 15  15  16]]

 [[ 15  15  16]
  [ 15  15  16]
  [ 15  15  16]
  ...
  [ 15  15  16]
  [ 15  15  16]
  [ 15  15  16]]

 [[ 15  18   7]
  [ 26  29  21]
  [ 15  18  12]
  ...
  [162 171 170]
  [165 174 173]
  [150 159 158]]

 ...

 [[ 15  15  16]
  [ 15  15  16]
  [ 15  15  16]
  ...
  [ 15  15  16]
  [ 15  15  16]
  [ 15  15  16]]

 [[ 15  15  16]
  [ 15  15  16]
  [ 15  15  16]
  ...
  [ 15  15  16]
  [ 15  15  16]
  [ 15  15  16]]

 [[ 15  15  16]
  [ 15  15  16]
  [ 15  15  16]
  ...
  [ 15  15  16]
  [ 15  15  16]
  [ 15  15  16]]]
[[ 28.   0.   0. ...   0.   0.   0.]
 [ 14.   0.   0. ...   0.   0.   0.]
 [  0.   0.   0. ...   0.   0.   4.]
 ...
 [  5.   2.   0. ... 117.   9.  12.]
 [ 17.   4.   0. ...   0.   0.   0.]
 [ 13.   6.   1. ...  13.   5.  15.]]
[[ 19.   0.   0.   0.   0.   0.   0.   1. 221.   0.   0.   0.   0.   0.
    0.  35. 200.   1.   1.   0.   0.   0.   0.  11.   0.   0.   2.   2.
    0.   0.   0.   0.  33.   0.   0.   0.   0.   0.   0.   1. 221.  10.
    0.   0.   0.   0.   0.  31. 214.  13.  10.   0.   0.   0.   0.  10.
    0.   1.  13.   2.   2.   2.   0.   0.  27.   1.   0.   0.   0.   0.
    0.   0. 221.  42.   1.   0.   0.   0.   0.   1. 109.  49.  57.   1.
    0.   0.   0.   0.   0.   5.  75.   1.   0.   0.   0.   0.   1.   0.
    0.   0.   0.   0.   0.   0.  11.   1.   0.   0.   0.   0.   0.   0.
    3.   1.   2.   0.   0.   0.   0.   0.   0.   0.   3.   0.   0.   0.
    0.   0.]]
not enough values to unpack (expected 2, got 1)
[[[ 15  15  16]
  [ 15  15  16]
  [ 15  15  16]
  ...
  [ 15  15  16]
  [ 15  15  16]
  [ 15  15  16]]

 [[ 15  15  16]
  [ 15  15  16]
  [ 15  15  16]
  ...
  [ 15  15  16]
  [ 15  15  16]
  [ 15  15  16]]

 [[ 24   5   0]
  [ 43  14   8]
  [ 51   9   6]
  ...
  [176  42  36]
  [177  42  35]
  [180  43  37]]

 ...

 [[ 15  15  16]
  [ 15  15  16]
  [ 15  15  16]
  ...
  [ 15  15  16]
  [ 15  15  16]
  [ 15  15  16]]

 [[ 15  15  16]
  [ 15  15  16]
  [ 15  15  16]
  ...
  [ 15  15  16]
  [ 15  15  16]
  [ 15  15  16]]

 [[ 15  15  16]
  [ 15  15  16]
  [ 15  15  16]
  ...
  [ 15  15  16]
  [ 15  15  16]
  [ 15  15  16]]]
[[[ 15  15  16]
  [ 15  15  16]
  [ 15  15  16]
  ...
  [ 15  15  16]
  [ 15  15  16]
  [ 15  15  16]]

 [[ 15  15  16]
  [ 15  15  16]
  [ 15  15  16]
  ...
  [ 15  15  16]
  [ 15  15  16]
  [ 15  15  16]]

 [[ 16   9   2]
  [ 38  19  13]
  [ 47  13   6]
  ...
  [177  43  37]
  [177  43  37]
  [177  43  37]]

 ...

 [[ 15  15  16]
  [ 15  15  16]
  [ 15  15  16]
  ...
  [ 15  15  16]
  [ 15  15  16]
  [ 15  15  16]]

 [[ 15  15  16]
  [ 15  15  16]
  [ 15  15  16]
  ...
  [ 15  15  16]
  [ 15  15  16]
  [ 15  15  16]]

 [[ 15  15  16]
  [ 15  15  16]
  [ 15  15  16]
  ...
  [ 15  15  16]
  [ 15  15  16]
  [ 15  15  16]]]
[[ 1.  0.  0. ...  0.  0.  0.]
 [ 1.  1.  3. ...  0.  0.  0.]
 [ 0.  0.  0. ...  0.  0.  0.]
 ...
 [24. 60. 39. ...  0.  1.  4.]
 [ 1.  1.  2. ...  0.  0.  0.]
 [ 6.  5.  8. ...  0.  0.  0.]]
[[  2.   0.   0.   0.   0.   0.   0.   0. 193.   0.   0.   0.   0.   0.
    0.  50. 161.   0.   0.   3.   6.   0.   0.  28.   0.   0.   0.   2.
    8.   2.   2.   0.  10.   1.   0.   0.   0.   0.   0.   1. 193.  16.
    0.   0.   0.   0.   0.  60. 140.   2.   1.   8.  16.   2.   1.  30.
    2.   6.   2.   5.   4.   1.   0.   0.  21.   8.   0.   0.   0.   0.
    0.   0. 193.  86.   0.   0.   0.   0.   0.  17. 160.  11.   0.   0.
   30.  16.   0.  12.   2.   6.   0.   0.  11.   4.   0.   0.  35.   1.
    0.   0.   0.   0.   0.   5. 193.   5.   0.   0.   0.   0.   0.  71.
  123.   0.   0.   3.  39.   5.   0.  20.   1.   1.   0.   1.  16.   2.
    0.   1.]]
not enough values to unpack (expected 2, got 1)
[[[ 15  15  16]
  [ 15  15  16]
  [ 15  15  16]
  ...
  [ 15  15  16]
  [ 15  15  16]
  [ 15  15  16]]

 [[ 15  15  16]
  [ 15  15  16]
  [ 15  15  16]
  ...
  [ 15  15  16]
  [ 15  15  16]
  [ 15  15  16]]

 [[  8  15  25]
  [  8  21  35]
  [  0  20  40]
  ...
  [  9  76 132]
  [  8  75 131]
  [ 10  78 134]]

 ...

 [[ 15  15  16]
  [ 15  15  16]
  [ 15  15  16]
  ...
  [ 15  15  16]
  [ 15  15  16]
  [ 15  15  16]]

 [[ 15  15  16]
  [ 15  15  16]
  [ 15  15  16]
  ...
  [ 15  15  16]
  [ 15  15  16]
  [ 15  15  16]]

 [[ 15  15  16]
  [ 15  15  16]
  [ 15  15  16]
  ...
  [ 15  15  16]
  [ 15  15  16]
  [ 15  15  16]]]
[[[ 15  15  16]
  [ 15  15  16]
  [ 15  15  16]
  ...
  [ 15  15  16]
  [ 15  15  16]
  [ 15  15  16]]

 [[ 15  15  16]
  [ 15  15  16]
  [ 15  15  16]
  ...
  [ 15  15  16]
  [ 15  15  16]
  [ 15  15  16]]

 [[  7  14  24]
  [  6  19  33]
  [  0  20  40]
  ...
  [ 11  77 129]
  [ 11  77 130]
  [ 13  79 131]]

 ...

 [[ 15  15  16]
  [ 15  15  16]
  [ 15  15  16]
  ...
  [ 15  15  16]
  [ 15  15  16]
  [ 15  15  16]]

 [[ 15  15  16]
  [ 15  15  16]
  [ 15  15  16]
  ...
  [ 15  15  16]
  [ 15  15  16]
  [ 15  15  16]]

 [[ 15  15  16]
  [ 15  15  16]
  [ 15  15  16]
  ...
  [ 15  15  16]
  [ 15  15  16]
  [ 15  15  16]]]
[[17.  0.  0. ...  0.  0.  0.]
 [ 0.  0.  2. ...  0.  0.  0.]
 [55.  0.  0. ...  0.  0.  0.]
 ...
 [ 0.  0.  0. ...  0.  0.  9.]
 [ 4.  0.  0. ... 18.  1.  2.]
 [18.  7.  1. ...  0.  0.  0.]]
[[ 17.   0.   0.   0.   0.   0.   0.   0. 217.   1.   0.   0.   0.   0.
    0.  10. 217.   6.   1.   2.   0.   0.   0.   3.   1.   1.   0.   7.
    3.   0.   0.   0.  26.   0.   0.   0.   0.   0.   0.   1. 217.   8.
    0.   0.   0.   0.   0.  12. 217.  21.   8.   1.   0.   0.   0.   2.
    1.   2.  15.   7.   2.   0.   0.   0.  20.   1.   0.   0.   0.   0.
    0.   0. 217.  32.   0.   0.   0.   0.   0.   1. 137.  44.  25.   0.
    0.   0.   0.   0.   0.   2.  52.   1.   0.   0.   0.   0.   0.   0.
    0.   0.   0.   0.   0.   0.  11.   1.   0.   0.   0.   0.   0.   0.
    4.   1.   1.   0.   0.   0.   0.   0.   0.   0.   1.   0.   0.   0.
    0.   0.]]
not enough values to unpack (expected 2, got 1)
[[[ 15  15  16]
  [ 15  15  16]
  [ 15  15  16]
  ...
  [ 15  15  16]
  [ 15  15  16]
  [ 15  15  16]]

 [[ 15  15  16]
  [ 15  15  16]
  [ 15  15  16]
  ...
  [ 15  15  16]
  [ 15  15  16]
  [ 15  15  16]]

 [[  7  13  19]
  [ 13  23  31]
  [  7  21  33]
  ...
  [ 21  70 107]
  [ 22  70 107]
  [ 24  72 109]]

 ...

 [[ 15  15  16]
  [ 15  15  16]
  [ 15  15  16]
  ...
  [ 15  15  16]
  [ 15  15  16]
  [ 15  15  16]]

 [[ 15  15  16]
  [ 15  15  16]
  [ 15  15  16]
  ...
  [ 15  15  16]
  [ 15  15  16]
  [ 15  15  16]]

 [[ 15  15  16]
  [ 15  15  16]
  [ 15  15  16]
  ...
  [ 15  15  16]
  [ 15  15  16]
  [ 15  15  16]]]
[[[ 15  15  16]
  [ 15  15  16]
  [ 15  15  16]
  ...
  [ 15  15  16]
  [ 15  15  16]
  [ 15  15  16]]

 [[ 15  15  16]
  [ 15  15  16]
  [ 15  15  16]
  ...
  [ 15  15  16]
  [ 15  15  16]
  [ 15  15  16]]

 [[  6  13  17]
  [ 13  23  30]
  [  9  23  34]
  ...
  [ 20  70 106]
  [ 21  70 107]
  [ 23  73 109]]

 ...

 [[ 15  15  16]
  [ 15  15  16]
  [ 15  15  16]
  ...
  [ 15  15  16]
  [ 15  15  16]
  [ 15  15  16]]

 [[ 15  15  16]
  [ 15  15  16]
  [ 15  15  16]
  ...
  [ 15  15  16]
  [ 15  15  16]
  [ 15  15  16]]

 [[ 15  15  16]
  [ 15  15  16]
  [ 15  15  16]
  ...
  [ 15  15  16]
  [ 15  15  16]
  [ 15  15  16]]]
[[21.  0.  0. ...  0.  0.  0.]
 [50.  0.  0. ...  0.  0.  0.]
 [ 0.  0.  0. ...  6.  0.  0.]
 ...
 [ 2.  0.  0. ...  6. 23. 93.]
 [ 3.  0.  0. ...  0. 33. 13.]
 [36.  0.  0. ...  0.  0. 39.]]
[[ 22.   0.   0.   0.   0.   0.   0.   0. 219.   0.   0.   0.   0.   0.
    0.  12. 208.   3.   0.   0.   0.   0.   0.   5.   1.   1.   1.   2.
    1.   0.   0.   0.  33.   0.   0.   0.   0.   0.   0.   1. 219.   5.
    0.   0.   0.   0.   0.  13. 219.  12.   3.   0.   0.   0.   0.   4.
    2.   2.  10.   1.   0.   0.   0.   0.  25.   1.   0.   0.   0.   0.
    0.   0. 219.  26.   0.   0.   0.   0.   0.   2. 143.  39.  14.   1.
    0.   0.   0.   0.   0.   2.  36.   3.   0.   0.   0.   0.   1.   0.
    0.   0.   0.   0.   0.   0.  14.   1.   0.   0.   0.   0.   0.   0.
    5.   1.   0.   0.   0.   0.   0.   0.   0.   0.   1.   0.   0.   0.
    0.   0.]]
not enough values to unpack (expected 2, got 1)
[[[15 15 16]
  [15 15 16]
  [15 15 16]
  ...
  [15 15 16]
  [15 15 16]
  [15 15 16]]

 [[15 15 16]
  [15 15 16]
  [15 15 16]
  ...
  [15 15 16]
  [15 15 16]
  [15 15 16]]

 [[15 15 16]
  [15 15 16]
  [15 15 16]
  ...
  [15 15 16]
  [15 15 16]
  [15 15 16]]

 ...

 [[15 15 16]
  [15 15 16]
  [15 15 16]
  ...
  [15 15 16]
  [15 15 16]
  [15 15 16]]

 [[15 15 16]
  [15 15 16]
  [15 15 16]
  ...
  [15 15 16]
  [15 15 16]
  [15 15 16]]

 [[15 15 16]
  [15 15 16]
  [15 15 16]
  ...
  [15 15 16]
  [15 15 16]
  [15 15 16]]]
[[[15 15 16]
  [15 15 16]
  [15 15 16]
  ...
  [15 15 16]
  [15 15 16]
  [15 15 16]]

 [[15 15 16]
  [15 15 16]
  [15 15 16]
  ...
  [15 15 16]
  [15 15 16]
  [15 15 16]]

 [[15 15 16]
  [15 15 16]
  [15 15 16]
  ...
  [15 15 16]
  [15 15 16]
  [15 15 16]]

 ...

 [[15 15 16]
  [15 15 16]
  [15 15 16]
  ...
  [15 15 16]
  [15 15 16]
  [15 15 16]]

 [[15 15 16]
  [15 15 16]
  [15 15 16]
  ...
  [15 15 16]
  [15 15 16]
  [15 15 16]]

 [[15 15 16]
  [15 15 16]
  [15 15 16]
  ...
  [15 15 16]
  [15 15 16]
  [15 15 16]]]
[[  0.   0.   0.   0.   0.   0.   0.   0.   0.   0.   0.   0.   0.   0.
    0.   0.   0.   0.   0.   0.   0.   0.   0.   0.   0.   0.   0.   0.
    0.   0.   0.   0.  46.   0.   0.   0.   0.   0.   0.   0. 222.   2.
    0.   0.   0.   0.   0.  24. 106.   0.   0.   0.   0.   0.  18.  37.
    0.   0.   0.   0.   0.   0.  29.   4.  75.   2.   0.   0.   0.   0.
    0.   0. 222.  21.   0.   0.   0.   0.   0.   8. 222.  10.   0.   0.
    0.   0.   7.  12.   0.   0.   1.   0.   0.   0.  10.   1.  54.   1.
    0.   0.   0.   0.   0.   0. 222.  17.   0.   0.   0.   0.   0.   0.
  197.   7.   0.   0.   0.   0.   0.   0.   1.   1.   1.   0.   0.   0.
    0.   0.]]
[[  2.   0.   0.   0.   0.   0.   0.   0.  15.   0.   0.   0.   0.   0.
    0.   1.   4.   0.   0.   0.   0.   0.   0.   2.   0.   0.   0.   0.
    0.   0.   1.   0.  59.   0.   0.   0.   0.   0.   0.   0. 220.   2.
    0.   0.   0.   0.   0.  31. 122.   1.   0.   0.   0.   0.  17.  50.
    0.   0.   0.   0.   0.   1.  32.   2.  79.   2.   0.   0.   0.   0.
    0.   0. 220.  19.   0.   0.   0.   0.   0.   6. 218.   7.   0.   0.
    0.   0.   4.  11.   1.   0.   0.   0.   1.   2.   8.   1.  57.   2.
    0.   0.   0.   0.   0.   0. 220.  15.   0.   0.   0.   0.   0.   0.
  190.   6.   0.   0.   0.   0.   0.   2.   1.   1.   1.   0.   0.   1.
    2.   1.]]
not enough values to unpack (expected 2, got 1)
[[[15 15 16]
  [15 15 16]
  [15 15 16]
  ...
  [15 15 16]
  [15 15 16]
  [15 15 16]]

 [[15 15 16]
  [15 15 16]
  [15 15 16]
  ...
  [15 15 16]
  [15 15 16]
  [15 15 16]]

 [[15 15 16]
  [15 15 16]
  [15 15 16]
  ...
  [15 15 16]
  [15 15 16]
  [15 15 16]]

 ...

 [[15 15 16]
  [15 15 16]
  [15 15 16]
  ...
  [15 15 16]
  [15 15 16]
  [15 15 16]]

 [[15 15 16]
  [15 15 16]
  [15 15 16]
  ...
  [15 15 16]
  [15 15 16]
  [15 15 16]]

 [[15 15 16]
  [15 15 16]
  [15 15 16]
  ...
  [15 15 16]
  [15 15 16]
  [15 15 16]]]
[[[15 15 16]
  [15 15 16]
  [15 15 16]
  ...
  [15 15 16]
  [15 15 16]
  [15 15 16]]

 [[15 15 16]
  [15 15 16]
  [15 15 16]
  ...
  [15 15 16]
  [15 15 16]
  [15 15 16]]

 [[15 15 16]
  [15 15 16]
  [15 15 16]
  ...
  [15 15 16]
  [15 15 16]
  [15 15 16]]

 ...

 [[15 15 16]
  [15 15 16]
  [15 15 16]
  ...
  [15 15 16]
  [15 15 16]
  [15 15 16]]

 [[15 15 16]
  [15 15 16]
  [15 15 16]
  ...
  [15 15 16]
  [15 15 16]
  [15 15 16]]

 [[15 15 16]
  [15 15 16]
  [15 15 16]
  ...
  [15 15 16]
  [15 15 16]
  [15 15 16]]]
[[  1.   0.   0. ...   0.   0.   0.]
 [  0.   0.   0. ...   0.   1.   2.]
 [ 42.   4.   0. ...   0.   7.   3.]
 ...
 [ 58.   7.   0. ...   0.   1.   0.]
 [ 41.   0.   0. ...  44. 100.   0.]
 [ 44.   7.   0. ...   1.   0.   0.]]
[[  0.   0.   0.   0.   0.   0.   0.   0.   0.   0.   0.   0.   0.   0.
    0.   0.   0.   0.   0.   0.   0.   0.   0.   0.   0.   0.   0.   0.
    0.   0.   0.   0.  46.   0.   0.   0.   0.   0.   0.   0. 222.   2.
    0.   0.   0.   0.   0.  24. 106.   0.   0.   0.   0.   0.  18.  37.
    0.   0.   0.   0.   0.   0.  29.   4.  75.   2.   0.   0.   0.   0.
    0.   0. 222.  21.   0.   0.   0.   0.   0.   8. 222.  10.   0.   0.
    0.   0.   7.  12.   0.   0.   1.   0.   0.   0.  10.   1.  54.   1.
    0.   0.   0.   0.   0.   0. 222.  17.   0.   0.   0.   0.   0.   0.
  197.   7.   0.   0.   0.   0.   0.   0.   1.   1.   1.   0.   0.   0.
    0.   0.]]
not enough values to unpack (expected 2, got 1)
[[[ 15  15  16]
  [ 15  15  16]
  [ 15  15  16]
  ...
  [ 15  15  16]
  [ 15  15  16]
  [ 15  15  16]]

 [[ 15  15  16]
  [ 15  15  16]
  [ 15  15  16]
  ...
  [ 15  15  16]
  [ 15  15  16]
  [ 15  15  16]]

 [[  9  16  26]
  [ 15  28  42]
  [  4  25  45]
  ...
  [ 11  76 132]
  [ 11  77 133]
  [ 12  78 134]]

 ...

 [[ 15  15  16]
  [ 15  15  16]
  [ 15  15  16]
  ...
  [ 15  15  16]
  [ 15  15  16]
  [ 15  15  16]]

 [[ 15  15  16]
  [ 15  15  16]
  [ 15  15  16]
  ...
  [ 15  15  16]
  [ 15  15  16]
  [ 15  15  16]]

 [[ 15  15  16]
  [ 15  15  16]
  [ 15  15  16]
  ...
  [ 15  15  16]
  [ 15  15  16]
  [ 15  15  16]]]
[[[ 15  15  16]
  [ 15  15  16]
  [ 15  15  16]
  ...
  [ 15  15  16]
  [ 15  15  16]
  [ 15  15  16]]

 [[ 15  15  16]
  [ 15  15  16]
  [ 15  15  16]
  ...
  [ 15  15  16]
  [ 15  15  16]
  [ 15  15  16]]

 [[  8  15  23]
  [  8  21  33]
  [  1  21  39]
  ...
  [ 10  76 132]
  [ 10  76 132]
  [ 12  78 135]]

 ...

 [[ 15  15  16]
  [ 15  15  16]
  [ 15  15  16]
  ...
  [ 15  15  16]
  [ 15  15  16]
  [ 15  15  16]]

 [[ 15  15  16]
  [ 15  15  16]
  [ 15  15  16]
  ...
  [ 15  15  16]
  [ 15  15  16]
  [ 15  15  16]]

 [[ 15  15  16]
  [ 15  15  16]
  [ 15  15  16]
  ...
  [ 15  15  16]
  [ 15  15  16]
  [ 15  15  16]]]
[[ 19.   0.   0. ...   0.   0.   0.]
 [ 59.   0.   0. ...   0.   0.   0.]
 [  1.   0.   0. ...   4.   0.   0.]
 ...
 [  0.   9. 116. ...   4.  43.  62.]
 [  0.   1.  81. ...   0.   0.   5.]
 [  1.   0.   0. ...   0.   1.   2.]]
[[ 16.   0.   0.   0.   0.   0.   0.   0. 217.   0.   0.   0.   0.   0.
    0.  14. 217.   4.   1.   2.   0.   0.   0.   4.   1.   1.   0.   9.
    2.   0.   0.   0.  25.   0.   0.   0.   0.   0.   0.   1. 217.   9.
    0.   0.   0.   0.   0.  13. 217.  20.   8.   3.   0.   0.   0.   3.
    1.   1.  15.  11.   1.   0.   0.   0.  19.   1.   0.   0.   0.   0.
    0.   0. 217.  33.   0.   0.   0.   0.   0.   1. 136.  44.  25.   1.
    0.   0.   0.   0.   0.   1.  49.   4.   0.   0.   0.   0.   0.   0.
    0.   0.   0.   0.   0.   0.  10.   0.   0.   0.   0.   0.   0.   0.
    3.   1.   1.   0.   0.   0.   0.   0.   0.   0.   1.   0.   0.   0.
    0.   0.]]
not enough values to unpack (expected 2, got 1)
[[[ 15  15  16]
  [ 15  15  16]
  [ 15  15  16]
  ...
  [ 15  15  16]
  [ 15  15  16]
  [ 15  15  16]]

 [[ 15  15  16]
  [ 15  15  16]
  [ 15  15  16]
  ...
  [ 15  15  16]
  [ 15  15  16]
  [ 15  15  16]]

 [[  7  13  19]
  [ 13  23  31]
  [  7  21  33]
  ...
  [ 20  70 106]
  [ 21  70 107]
  [ 23  73 109]]

 ...

 [[ 15  15  16]
  [ 15  15  16]
  [ 15  15  16]
  ...
  [ 15  15  16]
  [ 15  15  16]
  [ 15  15  16]]

 [[ 15  15  16]
  [ 15  15  16]
  [ 15  15  16]
  ...
  [ 15  15  16]
  [ 15  15  16]
  [ 15  15  16]]

 [[ 15  15  16]
  [ 15  15  16]
  [ 15  15  16]
  ...
  [ 15  15  16]
  [ 15  15  16]
  [ 15  15  16]]]
[[[ 15  15  16]
  [ 15  15  16]
  [ 15  15  16]
  ...
  [ 15  15  16]
  [ 15  15  16]
  [ 15  15  16]]

 [[ 15  15  16]
  [ 15  15  16]
  [ 15  15  16]
  ...
  [ 15  15  16]
  [ 15  15  16]
  [ 15  15  16]]

 [[  8  13  14]
  [ 15  24  27]
  [  9  23  30]
  ...
  [ 21  71 105]
  [ 21  71 106]
  [ 23  73 107]]

 ...

 [[ 15  15  16]
  [ 15  15  16]
  [ 15  15  16]
  ...
  [ 15  15  16]
  [ 15  15  16]
  [ 15  15  16]]

 [[ 15  15  16]
  [ 15  15  16]
  [ 15  15  16]
  ...
  [ 15  15  16]
  [ 15  15  16]
  [ 15  15  16]]

 [[ 15  15  16]
  [ 15  15  16]
  [ 15  15  16]
  ...
  [ 15  15  16]
  [ 15  15  16]
  [ 15  15  16]]]
[[21.  0.  0. ...  0.  0.  0.]
 [51.  0.  0. ...  0.  0.  0.]
 [ 0.  0.  0. ...  6.  0.  0.]
 ...
 [ 5.  0.  0. ...  2.  8. 53.]
 [ 4.  0.  0. ...  0. 24.  7.]
 [36.  0.  0. ...  0.  0. 41.]]
[[ 15.   0.   0.   0.   0.   0.   0.   0. 217.   0.   0.   0.   0.   0.
    0.  15. 217.   2.   0.   0.   0.   0.   0.   5.   3.   1.   2.   1.
    0.   1.   0.   0.  23.   0.   0.   0.   0.   0.   0.   1. 217.   6.
    0.   0.   0.   0.   0.  18. 217.  11.   6.   1.   0.   0.   0.   8.
    2.   2.  16.   2.   0.   0.   0.   0.  18.   1.   0.   0.   0.   0.
    0.   0. 217.  27.   0.   0.   0.   0.   0.   1. 144.  36.  17.   3.
    0.   0.   0.   0.   0.   4.  36.   3.   0.   0.   0.   0.   0.   0.
    0.   0.   0.   0.   0.   0.   9.   0.   0.   0.   0.   0.   0.   0.
    3.   1.   0.   0.   0.   0.   0.   0.   0.   0.   1.   0.   0.   0.
    0.   0.]]
not enough values to unpack (expected 2, got 1)
[[[ 15  15  16]
  [ 15  15  16]
  [ 15  15  16]
  ...
  [ 15  15  16]
  [ 15  15  16]
  [ 15  15  16]]

 [[ 15  15  16]
  [ 15  15  16]
  [ 15  15  16]
  ...
  [ 15  15  16]
  [ 15  15  16]
  [ 15  15  16]]

 [[  8  13  14]
  [ 17  22  28]
  [ 14  20  34]
  ...
  [  5 103 200]
  [  5 100 201]
  [  7 100 204]]

 ...

 [[ 15  15  16]
  [ 15  15  16]
  [ 15  15  16]
  ...
  [ 15  15  16]
  [ 15  15  16]
  [ 15  15  16]]

 [[ 15  15  16]
  [ 15  15  16]
  [ 15  15  16]
  ...
  [ 15  15  16]
  [ 15  15  16]
  [ 15  15  16]]

 [[ 15  15  16]
  [ 15  15  16]
  [ 15  15  16]
  ...
  [ 15  15  16]
  [ 15  15  16]
  [ 15  15  16]]]
[[[ 15  15  16]
  [ 15  15  16]
  [ 15  15  16]
  ...
  [ 15  15  16]
  [ 15  15  16]
  [ 15  15  16]]

 [[ 15  15  16]
  [ 15  15  16]
  [ 15  15  16]
  ...
  [ 15  15  16]
  [ 15  15  16]
  [ 15  15  16]]

 [[ 12  15  14]
  [ 22  25  24]
  [ 16  19  18]
  ...
  [192 193 193]
  [192 193 193]
  [198 199 199]]

 ...

 [[ 15  15  16]
  [ 15  15  16]
  [ 15  15  16]
  ...
  [ 15  15  16]
  [ 15  15  16]
  [ 15  15  16]]

 [[ 15  15  16]
  [ 15  15  16]
  [ 15  15  16]
  ...
  [ 15  15  16]
  [ 15  15  16]
  [ 15  15  16]]

 [[ 15  15  16]
  [ 15  15  16]
  [ 15  15  16]
  ...
  [ 15  15  16]
  [ 15  15  16]
  [ 15  15  16]]]
[[ 2.  0.  0. ... 35. 42. 85.]
 [ 7.  8.  3. ...  3.  0.  1.]
 [56.  0.  0. ...  1.  0.  0.]
 ...
 [13. 35. 14. ... 27.  6. 24.]
 [ 0.  0. 14. ...  0.  0.  0.]
 [20.  2.  0. ...  0.  0.  0.]]
[[  1.   0.   0.   0.   0.   0.   0.   0. 173.   0.   0.   0.   0.   0.
    0.  66. 173.   0.   0.   0.   1.   0.   0.  56.   5.   0.   0.   2.
    4.   0.   0.   1.   9.   1.   0.   0.   0.   0.   0.   1. 173.  13.
    0.   0.   0.   0.   0.  73. 173.   5.   0.   1.   2.   0.   0.  41.
    2.   0.   0.   1.   4.   0.   0.   2.  20.   7.   0.   0.   0.   0.
    0.   1. 173.  80.   0.   0.   0.   0.   0.  18. 173.  26.   0.   0.
    1.   1.   0.  10.   1.   1.   0.   1.   1.   1.   1.   1.  33.   1.
    0.   0.   0.   0.   0.   8. 173.   5.   0.   0.   0.   0.   0.  87.
  143.   1.   0.   1.   1.   0.   0.  31.   1.   0.   1.   1.   1.   1.
    1.   0.]]
not enough values to unpack (expected 2, got 1)
[[[ 15  15  16]
  [ 15  15  16]
  [ 15  15  16]
  ...
  [ 15  15  16]
  [ 15  15  16]
  [ 15  15  16]]

 [[ 15  15  16]
  [ 15  15  16]
  [ 15  15  16]
  ...
  [ 15  15  16]
  [ 15  15  16]
  [ 15  15  16]]

 [[ 16  17  17]
  [ 43  44  44]
  [ 33  34  34]
  ...
  [181 182 182]
  [181 182 182]
  [188 189 189]]

 ...

 [[ 15  15  16]
  [ 15  15  16]
  [ 15  15  16]
  ...
  [ 15  15  16]
  [ 15  15  16]
  [ 15  15  16]]

 [[ 15  15  16]
  [ 15  15  16]
  [ 15  15  16]
  ...
  [ 15  15  16]
  [ 15  15  16]
  [ 15  15  16]]

 [[ 15  15  16]
  [ 15  15  16]
  [ 15  15  16]
  ...
  [ 15  15  16]
  [ 15  15  16]
  [ 15  15  16]]]
[[[ 15  15  16]
  [ 15  15  16]
  [ 15  15  16]
  ...
  [ 15  15  16]
  [ 15  15  16]
  [ 15  15  16]]

 [[ 15  15  16]
  [ 15  15  16]
  [ 15  15  16]
  ...
  [ 15  15  16]
  [ 15  15  16]
  [ 15  15  16]]

 [[ 14  15  15]
  [ 19  20  20]
  [ 17  18  18]
  ...
  [182 183 183]
  [182 183 183]
  [190 191 191]]

 ...

 [[ 15  15  16]
  [ 15  15  16]
  [ 15  15  16]
  ...
  [ 15  15  16]
  [ 15  15  16]
  [ 15  15  16]]

 [[ 15  15  16]
  [ 15  15  16]
  [ 15  15  16]
  ...
  [ 15  15  16]
  [ 15  15  16]
  [ 15  15  16]]

 [[ 15  15  16]
  [ 15  15  16]
  [ 15  15  16]
  ...
  [ 15  15  16]
  [ 15  15  16]
  [ 15  15  16]]]
[[ 2.  1.  0. ...  0.  0.  3.]
 [ 1.  0.  1. ...  1.  4. 23.]
 [ 0.  0.  0. ...  0.  3. 36.]
 ...
 [68.  5.  0. ...  0.  0.  1.]
 [63. 13.  0. ...  0.  0.  4.]
 [65.  0.  0. ...  1.  2.  7.]]
[[  1.   0.   0.   0.   0.   0.   0.   0. 174.   0.   0.   0.   0.   0.
    0.  69. 174.   0.   0.   0.   0.   0.   0.  60.   4.   0.   0.   0.
    2.   0.   0.   2.   9.   1.   0.   0.   0.   0.   0.   1. 174.  12.
    0.   0.   0.   0.   0.  72. 174.   4.   0.   0.   1.   0.   0.  39.
    2.   0.   0.   1.   2.   1.   0.   1.  22.   7.   0.   0.   0.   0.
    0.   1. 174.  74.   0.   0.   0.   0.   0.  16. 174.  21.   0.   0.
    1.   0.   0.   7.   2.   0.   0.   1.   1.   0.   0.   0.  35.   1.
    0.   0.   0.   0.   0.   8. 174.   4.   0.   0.   0.   0.   0.  83.
  142.   1.   0.   0.   0.   0.   0.  28.   1.   0.   0.   0.   0.   0.
    0.   0.]]
not enough values to unpack (expected 2, got 1)
[[[ 15  15  16]
  [ 15  15  16]
  [ 15  15  16]
  ...
  [ 15  15  16]
  [ 15  15  16]
  [ 15  15  16]]

 [[ 15  15  16]
  [ 15  15  16]
  [ 15  15  16]
  ...
  [ 15  15  16]
  [ 15  15  16]
  [ 15  15  16]]

 [[ 19  17   0]
  [ 28  20   0]
  [ 32  18   0]
  ...
  [197 141   2]
  [197 141   0]
  [203 147   6]]

 ...

 [[ 15  15  16]
  [ 15  15  16]
  [ 15  15  16]
  ...
  [ 15  15  16]
  [ 15  15  16]
  [ 15  15  16]]

 [[ 15  15  16]
  [ 15  15  16]
  [ 15  15  16]
  ...
  [ 15  15  16]
  [ 15  15  16]
  [ 15  15  16]]

 [[ 15  15  16]
  [ 15  15  16]
  [ 15  15  16]
  ...
  [ 15  15  16]
  [ 15  15  16]
  [ 15  15  16]]]
[[[ 15  15  16]
  [ 15  15  16]
  [ 15  15  16]
  ...
  [ 15  15  16]
  [ 15  15  16]
  [ 15  15  16]]

 [[ 15  15  16]
  [ 15  15  16]
  [ 15  15  16]
  ...
  [ 15  15  16]
  [ 15  15  16]
  [ 15  15  16]]

 [[ 19  17   0]
  [ 28  20   0]
  [ 32  18   0]
  ...
  [197 141   2]
  [197 141   0]
  [203 147   6]]

 ...

 [[ 15  15  16]
  [ 15  15  16]
  [ 15  15  16]
  ...
  [ 15  15  16]
  [ 15  15  16]
  [ 15  15  16]]

 [[ 15  15  16]
  [ 15  15  16]
  [ 15  15  16]
  ...
  [ 15  15  16]
  [ 15  15  16]
  [ 15  15  16]]

 [[ 15  15  16]
  [ 15  15  16]
  [ 15  15  16]
  ...
  [ 15  15  16]
  [ 15  15  16]
  [ 15  15  16]]]
[[ 0.  0.  0. ...  0.  0.  1.]
 [ 0.  0. 15. ...  0.  0.  3.]
 [48.  7.  6. ...  0.  1.  4.]
 ...
 [ 0.  0.  0. ...  0.  0.  0.]
 [41.  0.  0. ...  0.  0.  0.]
 [ 1.  0.  0. ...  0.  0.  0.]]
[[  1.   0.   0.   0.   0.   0.   0.   0. 174.   0.   0.   0.   0.   0.
    0.  52. 174.   0.   0.   0.   4.   1.   0.  42.   2.   0.   0.   0.
    6.   2.   1.   1.   6.   1.   0.   0.   0.   0.   0.   1. 174.  14.
    0.   0.   0.   0.   0.  61. 174.   4.   0.   0.   9.   2.   0.  37.
    0.   0.   1.   1.   8.   1.   1.   0.  11.   5.   0.   0.   0.   0.
    0.   0. 174.  88.   0.   0.   0.   0.   0.  17. 174.  24.   0.   1.
   17.   4.   0.  14.   0.   0.   2.   4.  13.   1.   0.   0.  19.   0.
    0.   0.   0.   0.   0.   3. 174.   5.   0.   0.   0.   0.   0.  74.
  154.   1.   0.   2.  23.   2.   0.  33.   0.   0.   0.   2.  12.   2.
    1.   1.]]
not enough values to unpack (expected 2, got 1)
[[[15 15 16]
  [15 15 16]
  [15 15 16]
  ...
  [15 15 16]
  [15 15 16]
  [15 15 16]]

 [[15 15 16]
  [15 15 16]
  [15 15 16]
  ...
  [15 15 16]
  [15 15 16]
  [15 15 16]]

 [[15 15 16]
  [15 15 16]
  [15 15 16]
  ...
  [16 16 17]
  [16 16 17]
  [16 16 17]]

 ...

 [[15 15 16]
  [15 15 16]
  [15 15 16]
  ...
  [15 15 16]
  [15 15 16]
  [15 15 16]]

 [[15 15 16]
  [15 15 16]
  [15 15 16]
  ...
  [15 15 16]
  [15 15 16]
  [15 15 16]]

 [[15 15 16]
  [15 15 16]
  [15 15 16]
  ...
  [15 15 16]
  [15 15 16]
  [15 15 16]]]
[[[15 15 16]
  [15 15 16]
  [15 15 16]
  ...
  [15 15 16]
  [15 15 16]
  [15 15 16]]

 [[15 15 16]
  [15 15 16]
  [15 15 16]
  ...
  [15 15 16]
  [15 15 16]
  [15 15 16]]

 [[15 15 16]
  [15 15 16]
  [15 15 16]
  ...
  [16 16 17]
  [16 16 17]
  [16 16 17]]

 ...

 [[15 15 16]
  [15 15 16]
  [15 15 16]
  ...
  [15 15 16]
  [15 15 16]
  [15 15 16]]

 [[15 15 16]
  [15 15 16]
  [15 15 16]
  ...
  [15 15 16]
  [15 15 16]
  [15 15 16]]

 [[15 15 16]
  [15 15 16]
  [15 15 16]
  ...
  [15 15 16]
  [15 15 16]
  [15 15 16]]]
[[151.   5.   0. ...   0.   0.   1.]
 [  0.   0.   0. ...   0.   0.   5.]
 [ 10.   4.  27. ...   0.   0.  18.]
 ...
 [  6.   0.   0. ...   0.   4.  43.]
 [  2.   1.   2. ...   0.   1.   2.]
 [  4.  28. 154. ...   0.   0.   0.]]
[[ 25.  38.  19.  16.   4.  10.  10.  30.  21.  25.  35.   3.   0.   0.
   57.  43.   2.  22.  21.   1.   0.   7.  98.   8.   1.   4.   3.   0.
    0.  23.  92.   7.  95.  79.  31.  32.  28.   2.   1.  29.  36.  79.
  130. 103.  51.   3.   2.   6.  87. 130.  92.  16.   4.   0.   4.   4.
    8.  56.  40.   2.   0.   4.   8.   2. 130.  25.   4.   9.  58.  11.
    3.  57.  67.  15.  11.  39. 130.  31.   3.  24. 130.  58.   6.   6.
   19.   3.   0.  47.  32.  31.  17.   2.   1.   0.   0.   4.  44.  73.
   14.   8.  21.  18.  59.  13.  36.  21.  12.  21. 117.  40.  54.  14.
  130.  85.   0.   0.   8.   8.  35.  34.  36.  23.   0.   0.   1.   3.
    5.  19.]]
not enough values to unpack (expected 2, got 1)
[[[ 15  15  16]
  [ 15  15  16]
  [ 15  15  16]
  ...
  [ 15  15  16]
  [ 15  15  16]
  [ 15  15  16]]

 [[ 15  15  16]
  [ 15  15  16]
  [ 15  15  16]
  ...
  [ 15  15  16]
  [ 15  15  16]
  [ 15  15  16]]

 [[  0  13  22]
  [ 23  18  22]
  [ 41   9   7]
  ...
  [ 10 128 188]
  [ 10 128 189]
  [ 14 132 192]]

 ...

 [[ 15  15  16]
  [ 15  15  16]
  [ 15  15  16]
  ...
  [ 15  15  16]
  [ 15  15  16]
  [ 15  15  16]]

 [[ 15  15  16]
  [ 15  15  16]
  [ 15  15  16]
  ...
  [ 15  15  16]
  [ 15  15  16]
  [ 15  15  16]]

 [[ 15  15  16]
  [ 15  15  16]
  [ 15  15  16]
  ...
  [ 15  15  16]
  [ 15  15  16]
  [ 15  15  16]]]
[[[ 15  15  16]
  [ 15  15  16]
  [ 15  15  16]
  ...
  [ 15  15  16]
  [ 15  15  16]
  [ 15  15  16]]

 [[ 15  15  16]
  [ 15  15  16]
  [ 15  15  16]
  ...
  [ 15  15  16]
  [ 15  15  16]
  [ 15  15  16]]

 [[ 24  12   7]
  [ 39  22  15]
  [ 37  14   3]
  ...
  [191 191 166]
  [191 190 166]
  [199 198 173]]

 ...

 [[ 15  15  16]
  [ 15  15  16]
  [ 15  15  16]
  ...
  [ 15  15  16]
  [ 15  15  16]
  [ 15  15  16]]

 [[ 15  15  16]
  [ 15  15  16]
  [ 15  15  16]
  ...
  [ 15  15  16]
  [ 15  15  16]
  [ 15  15  16]]

 [[ 15  15  16]
  [ 15  15  16]
  [ 15  15  16]
  ...
  [ 15  15  16]
  [ 15  15  16]
  [ 15  15  16]]]
[[ 0.  0.  0. ...  5.  4.  0.]
 [ 9.  0.  0. ...  0.  0.  0.]
 [45. 16.  1. ...  6.  1.  0.]
 ...
 [50.  0.  0. ...  0.  0.  3.]
 [17.  4.  1. ...  0.  1.  1.]
 [ 0.  0.  0. ...  2.  5.  5.]]
[[  0.   0.   0.   0.   0.   0.   0.   0. 174.   0.   0.   0.   0.   0.
    0.  59. 174.   0.   0.   0.   1.   0.   0.  47.   2.   0.   0.   1.
    1.   0.   0.   1.   7.   1.   0.   0.   0.   0.   0.   1. 174.   9.
    0.   0.   0.   0.   0.  63. 174.   5.   0.   1.   2.   0.   0.  33.
    1.   0.   1.   2.   5.   0.   0.   0.  16.   6.   0.   0.   0.   0.
    0.   0. 174.  82.   0.   0.   0.   0.   0.  12. 174.  25.   0.   1.
    2.   0.   0.   7.   0.   0.   0.   3.   3.   0.   0.   0.  25.   1.
    0.   0.   0.   0.   0.   5. 174.   9.   0.   0.   0.   0.   0.  67.
  158.   2.   0.   1.   2.   0.   0.  24.   0.   0.   0.   1.   3.   0.
    0.   0.]]
not enough values to unpack (expected 2, got 1)
[[[15 15 16]
  [15 15 16]
  [15 15 16]
  ...
  [15 15 16]
  [15 15 16]
  [15 15 16]]

 [[15 15 16]
  [15 15 16]
  [15 15 16]
  ...
  [15 15 16]
  [15 15 16]
  [15 15 16]]

 [[13 14 12]
  [16 18 14]
  [16 17 12]
  ...
  [31 33 34]
  [30 33 34]
  [30 33 34]]

 ...

 [[15 15 16]
  [15 15 16]
  [15 15 16]
  ...
  [15 15 16]
  [15 15 16]
  [15 15 16]]

 [[15 15 16]
  [15 15 16]
  [15 15 16]
  ...
  [15 15 16]
  [15 15 16]
  [15 15 16]]

 [[15 15 16]
  [15 15 16]
  [15 15 16]
  ...
  [15 15 16]
  [15 15 16]
  [15 15 16]]]
[[[15 15 16]
  [15 15 16]
  [15 15 16]
  ...
  [15 15 16]
  [15 15 16]
  [15 15 16]]

 [[15 15 16]
  [15 15 16]
  [15 15 16]
  ...
  [15 15 16]
  [15 15 16]
  [15 15 16]]

 [[12  8  4]
  [27 22 18]
  [24 20 16]
  ...
  [66 64 58]
  [66 64 58]
  [66 64 58]]

 ...

 [[15 15 16]
  [15 15 16]
  [15 15 16]
  ...
  [15 15 16]
  [15 15 16]
  [15 15 16]]

 [[15 15 16]
  [15 15 16]
  [15 15 16]
  ...
  [15 15 16]
  [15 15 16]
  [15 15 16]]

 [[15 15 16]
  [15 15 16]
  [15 15 16]
  ...
  [15 15 16]
  [15 15 16]
  [15 15 16]]]
[[15.  0.  1. ... 65. 14.  3.]
 [70. 43. 27. ...  0.  0.  1.]
 [40.  7.  0. ...  0.  0.  3.]
 ...
 [19. 16.  0. ...  4.  4. 90.]
 [ 0.  0.  0. ... 60.  1. 11.]
 [ 0.  0.  0. ... 21.  2.  0.]]
[[  0.   0.   0.   0.   0.   0.   0.   0. 173.   0.   0.   0.   0.   0.
    0.  67. 173.   0.   0.   2.   4.   0.   0.  61.   1.   0.   0.   4.
   21.   1.   0.   1.   5.   1.   0.   0.   0.   0.   0.   0. 173.  10.
    0.   0.   0.   0.   0.  74. 173.   5.   1.  10.   4.   0.   0.  39.
    0.   0.   0.  11.  13.   1.   0.   0.  12.   5.   0.   0.   0.   0.
    0.   0. 173.  87.   0.   0.   0.   0.   0.  14. 173.  26.   0.   3.
   10.   0.   0.   6.   0.   0.   0.  10.   9.   0.   0.   0.  21.   1.
    0.   0.   0.   0.   0.   5. 173.   8.   0.   0.   0.   0.   0.  72.
  146.   2.   0.   2.   9.   1.   0.  22.   0.   0.   0.   5.  12.   3.
    0.   0.]]
not enough values to unpack (expected 2, got 1)
[[[31 31 31]
  [31 31 31]
  [31 31 31]
  ...
  [31 31 31]
  [31 31 31]
  [31 31 31]]

 [[31 31 31]
  [31 31 31]
  [31 31 31]
  ...
  [31 31 31]
  [31 31 31]
  [31 31 31]]

 [[31 31 31]
  [31 31 31]
  [31 31 31]
  ...
  [31 31 31]
  [31 31 31]
  [31 31 31]]

 ...

 [[31 31 31]
  [31 31 31]
  [31 31 31]
  ...
  [31 31 31]
  [31 31 31]
  [31 31 31]]

 [[31 31 31]
  [31 31 31]
  [31 31 31]
  ...
  [31 31 31]
  [31 31 31]
  [31 31 31]]

 [[31 31 31]
  [31 31 31]
  [31 31 31]
  ...
  [31 31 31]
  [31 31 31]
  [31 31 31]]]
[[[31 31 31]
  [31 31 31]
  [31 31 31]
  ...
  [31 31 31]
  [31 31 31]
  [31 31 31]]

 [[31 31 31]
  [31 31 31]
  [31 31 31]
  ...
  [31 31 31]
  [31 31 31]
  [31 31 31]]

 [[31 31 31]
  [31 31 31]
  [31 31 31]
  ...
  [31 31 31]
  [31 31 31]
  [31 31 31]]

 ...

 [[31 31 31]
  [31 31 31]
  [31 31 31]
  ...
  [31 31 31]
  [31 31 31]
  [31 31 31]]

 [[31 31 31]
  [31 31 31]
  [31 31 31]
  ...
  [31 31 31]
  [31 31 31]
  [31 31 31]]

 [[31 31 31]
  [31 31 31]
  [31 31 31]
  ...
  [31 31 31]
  [31 31 31]
  [31 31 31]]]
[[  0.   0.   0. ...   0.   0.   0.]
 [  0.   0.   7. ...   0.   2.   1.]
 [ 11.   0.   0. ...   3.  16.   2.]
 ...
 [ 27.   0.   0. ...  32. 147.   1.]
 [  0.   0.   0. ...   0.   8.   1.]
 [  0.   0.   0. ...   0.   7.   2.]]
[[  1.   0.   0.   0.   0.   0.   0.   3.   1.   0.   0.   0.   0.   3.
   29.  25.   0.   0.   0.   0.   1.  27.  32.   4.   0.   0.   0.   0.
    0.   3.   0.   0.  27.   0.   0.   0.   0.   0.   0.  13. 153.   1.
    0.   0.   6.  32.  80. 153.  16.   0.   0.   0. 125. 153.  90.  37.
    0.   0.   0.   0.  32.  22.   0.   0.  52.   4.   0.   0.   0.   0.
    0.   1. 153.  66.   6.   7.  24.  11.   5.  29.  65.  20.   8.  52.
  153.  69.   6.   9.   0.   0.   0.   6.  91.   8.   0.   0.  15.   7.
    0.   0.   0.   0.   0.   0. 107. 144.  55.  17.   4.   0.   0.   0.
   13.  40.  77. 153.  98.   0.   0.   0.   0.   0.   0.  20.  29.   0.
    0.   0.]]
